image: /home/gse5/bagfiles/my_map.pgm
resolution: 0.050000
origin: [-5.866272, -8.176650, 0.000000]
negate: 0
occupied_thresh: 0.65
free_thresh: 0.196

